
========== INIT VALUE ==========
a: 1 1 1 1 1 1 1 1 1 1 1 1 1 1 1 1 1 1 1 1 1 1 1 1 1 1 1 1 1 1 1 1 1 1 1 1 1 1 1 1 1 1 1 1 1 1 1 1 1 1 1 1 1 1 1 1 1 1 1 1 1 1 1 1 
b: 0 1 1 1 0 1 1 0 0 1 1 0 0 0 0 0 1 0 0 1 0 1 1 1 0 1 0 0 1 0 0 1 1 1 0 1 0 1 1 0 0 1 0 1 1 1 1 0 1 0 1 1 1 1 0 0 0 0 0 1 0 0 0 1 
c: 1 2 2 2 1 2 2 1 1 2 2 1 1 1 1 1 2 1 1 2 1 2 2 2 1 2 1 1 2 1 1 2 2 2 1 2 1 2 2 1 1 2 1 2 2 2 2 1 2 1 2 2 2 2 1 1 1 1 1 2 1 1 1 2 

========== CHECK RESULT cpu-verison && gpu-version ==========
c_d: 1 2 2 2 1 2 2 1 1 2 2 1 1 1 1 1 2 1 1 2 1 2 2 2 1 2 1 1 2 1 1 2 2 2 1 2 1 2 2 1 1 2 1 2 2 2 2 1 2 1 2 2 2 2 1 1 1 1 1 2 1 1 1 2 
correct rate: 64 / 64 , 1.00
len-1=63, c_d[63]==c[63]: 1, c_d[63]=2, c[63]=2 

========== CHECK RESULT ELEMENT BY ELEMENT ==========
idx  c  c_d
 0  1  1 
 1  2  2 
 2  2  2 
 3  2  2 
 4  1  1 
 5  2  2 
 6  2  2 
 7  1  1 
 8  1  1 
 9  2  2 
10  2  2 
11  1  1 
12  1  1 
13  1  1 
14  1  1 
15  1  1 
16  2  2 
17  1  1 
18  1  1 
19  2  2 
20  1  1 
21  2  2 
22  2  2 
23  2  2 
24  1  1 
25  2  2 
26  1  1 
27  1  1 
28  2  2 
29  1  1 
30  1  1 
31  2  2 
32  2  2 
33  2  2 
34  1  1 
35  2  2 
36  1  1 
37  2  2 
38  2  2 
39  1  1 
40  1  1 
41  2  2 
42  1  1 
43  2  2 
44  2  2 
45  2  2 
46  2  2 
47  1  1 
48  2  2 
49  1  1 
50  2  2 
51  2  2 
52  2  2 
53  2  2 
54  1  1 
55  1  1 
56  1  1 
57  1  1 
58  1  1 
59  2  2 
60  1  1 
61  1  1 
62  1  1 
63  2  2 
