
========== INIT VALUE ==========
a: 1 1 1 1 1 1 1 1 1 1 1 1 1 1 1 1 1 1 1 1 1 1 1 1 1 1 1 1 1 1 1 1 1 1 1 1 1 1 1 1 1 1 1 1 1 1 1 1 1 1 1 1 1 1 1 1 1 1 1 1 1 1 1 1 
b: 0 1 0 1 1 1 0 1 0 1 0 1 1 1 1 1 0 1 1 0 0 0 0 1 0 0 0 0 1 0 0 1 1 0 0 0 1 0 1 1 1 1 1 1 0 0 0 1 1 0 1 1 0 0 0 1 0 0 1 1 0 1 0 1 
c: 1 2 1 2 2 2 1 2 1 2 1 2 2 2 2 2 1 2 2 1 1 1 1 2 1 1 1 1 2 1 1 2 2 1 1 1 2 1 2 2 2 2 2 2 1 1 1 2 2 1 2 2 1 1 1 2 1 1 2 2 1 2 1 2 

========== CHECK RESULT cpu-verison && gpu-version ==========
c_d: 1 2 1 2 2 2 1 2 1 2 1 2 2 2 2 2 1 2 2 1 1 1 1 2 1 1 1 1 2 1 1 2 2 1 1 1 2 1 2 2 2 2 2 2 1 1 1 2 2 1 2 2 1 1 1 2 1 1 2 2 1 2 1 2 
correct rate: 64 / 64 , 1.00
len-1=63, c_d[63]==c[63]: 1, c_d[63]=2, c[63]=2 

========== CHECK RESULT ELEMENT BY ELEMENT ==========
idx  c  c_d
 0  1  1 
 1  2  2 
 2  1  1 
 3  2  2 
 4  2  2 
 5  2  2 
 6  1  1 
 7  2  2 
 8  1  1 
 9  2  2 
10  1  1 
11  2  2 
12  2  2 
13  2  2 
14  2  2 
15  2  2 
16  1  1 
17  2  2 
18  2  2 
19  1  1 
20  1  1 
21  1  1 
22  1  1 
23  2  2 
24  1  1 
25  1  1 
26  1  1 
27  1  1 
28  2  2 
29  1  1 
30  1  1 
31  2  2 
32  2  2 
33  1  1 
34  1  1 
35  1  1 
36  2  2 
37  1  1 
38  2  2 
39  2  2 
40  2  2 
41  2  2 
42  2  2 
43  2  2 
44  1  1 
45  1  1 
46  1  1 
47  2  2 
48  2  2 
49  1  1 
50  2  2 
51  2  2 
52  1  1 
53  1  1 
54  1  1 
55  2  2 
56  1  1 
57  1  1 
58  2  2 
59  2  2 
60  1  1 
61  2  2 
62  1  1 
63  2  2 
