a: 1 1 1 1 1 1 1 1 1 1 1 1 1 1 1 1 1 1 1 1 1 1 1 1 1 1 1 1 1 1 1 1 1 1 1 1 1 1 1 1 1 1 1 1 1 1 1 1 1 1 1 1 1 1 1 1 1 1 1 1 1 1 1 1 
b: 1 0 1 0 1 0 1 1 1 0 1 0 0 0 1 0 1 0 1 1 1 0 1 1 0 1 0 0 0 1 0 1 1 1 1 1 1 0 0 1 1 0 1 1 0 0 1 1 0 0 0 0 1 0 1 1 1 0 1 1 1 1 1 1 
c: 2 1 2 1 2 1 2 2 2 1 2 1 1 1 2 1 2 1 2 2 2 1 2 2 1 2 1 1 1 2 1 2 2 2 2 2 2 1 1 2 2 1 2 2 1 1 2 2 1 1 1 1 2 1 2 2 2 1 2 2 2 2 2 2 
c: 2 1 2 1 2 1 2 2 2 1 2 1 1 1 2 1 2 1 2 2 2 1 2 2 1 2 1 1 1 2 1 2 2 2 2 2 2 1 1 2 2 1 2 2 1 1 2 2 1 1 1 1 2 1 2 2 2 1 2 2 2 2 2 2 
correct rate: 64 / 64 , 1.00
len-1=63, c_d[63]==c[63]: 1, c_d[63]=2, c[63]=2 
idx  c  c_d
 0  2  2 
 1  1  1 
 2  2  2 
 3  1  1 
 4  2  2 
 5  1  1 
 6  2  2 
 7  2  2 
 8  2  2 
 9  1  1 
10  2  2 
11  1  1 
12  1  1 
13  1  1 
14  2  2 
15  1  1 
16  2  2 
17  1  1 
18  2  2 
19  2  2 
20  2  2 
21  1  1 
22  2  2 
23  2  2 
24  1  1 
25  2  2 
26  1  1 
27  1  1 
28  1  1 
29  2  2 
30  1  1 
31  2  2 
32  2  2 
33  2  2 
34  2  2 
35  2  2 
36  2  2 
37  1  1 
38  1  1 
39  2  2 
40  2  2 
41  1  1 
42  2  2 
43  2  2 
44  1  1 
45  1  1 
46  2  2 
47  2  2 
48  1  1 
49  1  1 
50  1  1 
51  1  1 
52  2  2 
53  1  1 
54  2  2 
55  2  2 
56  2  2 
57  1  1 
58  2  2 
59  2  2 
60  2  2 
61  2  2 
62  2  2 
63  2  2 
