a: 1 1 1 1 1 1 1 1 1 1 1 1 1 1 1 1 1 1 1 1 1 1 1 1 1 1 1 1 1 1 1 1 1 1 1 1 1 1 1 1 1 1 1 1 1 1 1 1 1 1 1 1 1 1 1 1 1 1 1 1 1 1 1 1 
b: 0 1 1 0 1 1 1 0 0 0 1 1 1 0 1 1 0 0 1 1 1 0 0 1 0 1 0 1 0 0 1 0 0 0 1 1 0 0 1 0 1 0 1 0 0 0 1 1 1 1 0 0 1 0 0 0 1 0 1 0 0 0 0 0 
c: 1 2 2 1 2 2 2 1 1 1 2 2 2 1 2 2 1 1 2 2 2 1 1 2 1 2 1 2 1 1 2 1 1 1 2 2 1 1 2 1 2 1 2 1 1 1 2 2 2 2 1 1 2 1 1 1 2 1 2 1 1 1 1 1 
c: 1 2 2 1 2 2 2 1 1 1 2 2 2 1 2 2 1 1 2 2 2 1 1 2 1 2 1 2 1 1 2 1 1 1 2 2 1 1 2 1 2 1 2 1 1 1 2 2 2 2 1 1 2 1 1 1 2 1 2 1 1 1 1 1 
correct rate: 64 / 64 , 1.00
len-1=63, c_d[63]==c[63]: 1, c_d[63]=1, c[63]=1 
idx  c  c_d
 0  1  1 
 1  2  2 
 2  2  2 
 3  1  1 
 4  2  2 
 5  2  2 
 6  2  2 
 7  1  1 
 8  1  1 
 9  1  1 
10  2  2 
11  2  2 
12  2  2 
13  1  1 
14  2  2 
15  2  2 
16  1  1 
17  1  1 
18  2  2 
19  2  2 
20  2  2 
21  1  1 
22  1  1 
23  2  2 
24  1  1 
25  2  2 
26  1  1 
27  2  2 
28  1  1 
29  1  1 
30  2  2 
31  1  1 
32  1  1 
33  1  1 
34  2  2 
35  2  2 
36  1  1 
37  1  1 
38  2  2 
39  1  1 
40  2  2 
41  1  1 
42  2  2 
43  1  1 
44  1  1 
45  1  1 
46  2  2 
47  2  2 
48  2  2 
49  2  2 
50  1  1 
51  1  1 
52  2  2 
53  1  1 
54  1  1 
55  1  1 
56  2  2 
57  1  1 
58  2  2 
59  1  1 
60  1  1 
61  1  1 
62  1  1 
63  1  1 
